previous:0.528430566544
fix a small mistake: 0.528253030483
numsize:0.529699201194
