previous:0.528430566544
fix a small mistake: 
numsize:0.529699201194
